        17        10         0
       100        31        13
       100         2         8
       100        35         9
        40        11         4
        10         3         3
        31        30         6
        31        35         7
        31         8        10
         2         8         6
         2        10         9
         2        31         4
        35        30         9
        35        40        10
        35        11         6
        11        20        17
        11         1         6
         3         1         5
        30        11        13
        30         1         5
        30         3         4
        30        40         8
         8         3         8
         8        30         3
         8         3         8
         1        20        13